1	47	22
2	33	29
3	50	39
4	43	36
5	45	37
6	53	22
7	53	41
8	56	30
9	44	44
10	34	34
11	47	38
12	56	24
13	24	40
14	41	18
15	36	27
16	34	25
17	36	32
18	50	35
19	44	17
20	35	38
21	33	44
22	36	41
23	31	22
24	42	33
25	42	34
26	31	25
27	36	34
28	37	30
29	55	30
30	38	33
31	25	29
32	44	19
33	40	33
34	48	34
35	38	27
36	44	33
37	40	36
38	43	31
39	41	24
40	46	20
41	50	25
42	47	35
43	49	18
44	53	25
45	49	24
46	42	18
47	39	25
48	50	27
49	36	23
50	42	18
51	39	22
52	48	19
53	47	16
54	34	21
55	45	25
56	42	20
57	46	22
58	42	25
59	51	20
60	36	28
61	49	17
62	38	18
63	40	24
64	51	25
65	34	18
66	35	30
67	47	29
68	49	19
69	37	22
70	38	23
71	36	30
72	35	30
73	52	30
74	50	31
75	42	28
76	45	26
77	61	25
78	45	28
79	34	23
80	47	21
81	48	23
82	61	35
83	64	22
84	54	21
85	44	26
86	47	21
87	70	31
88	51	29
89	62	26
90	71	21
91	53	23
92	61	18
93	62	29
94	46	38
95	48	21
96	61	23
97	59	28
98	70	28
99	80	18
100	68	21
101	76	19
102	91	19
103	63	27
104	85	35
105	60	21
106	67	25
107	66	38
108	66	30
109	75	23
110	77	23
111	82	23
112	72	41
113	72	32
114	81	29
115	80	28
116	87	27
117	76	47
118	96	26
119	76	34
120	77	40
121	69	28
122	83	29
123	92	38
124	79	25
125	87	29
126	79	37
127	83	38
128	82	40
129	61	40
130	91	37
131	87	35
132	122	53
133	99	37
134	109	61
135	109	31
136	96	28
137	87	37
138	101	40
139	107	44
140	103	41
141	79	52
142	113	41
143	96	46
144	95	46
145	94	58
146	123	49
147	105	41
148	126	48
149	121	48
150	131	49
151	141	44
152	201	52
153	181	48
154	147	53
155	173	54
156	184	45
157	176	44
158	194	43
159	175	42
160	160	59
161	200	59
162	191	68
163	184	72
164	204	59
165	165	69
166	176	51
167	168	56
168	184	56
169	179	62
170	177	72
171	174	46
172	180	76
173	175	63
174	159	63
175	182	65
176	164	80
177	149	55
178	164	93
179	163	84
180	157	90
181	177	98
182	168	136
183	151	120
184	156	103
185	179	117
186	163	134
187	155	111
188	152	121
189	165	118
190	150	119
191	137	142
192	126	130
193	119	131
194	133	140
195	127	103
196	138	117
197	122	110
198	126	137
199	133	118
200	107	129
201	130	125
202	102	134
203	96	120
204	104	115
205	108	112
206	102	104
207	106	100
208	104	112
209	97	115
210	75	109
211	90	126
212	90	108
213	105	109
214	81	112
215	71	122
216	86	111
217	71	114
218	99	112
219	79	117
220	67	108
221	92	106
222	76	85
223	73	90
224	76	94
225	75	93
226	56	102
227	53	89
228	60	87
229	61	98
230	55	69
231	54	96
232	57	59
233	39	72
234	55	72
235	32	81
236	43	65
237	41	64
238	37	70
239	31	70
240	44	52
241	35	58
242	44	60
243	44	69
244	47	47
245	46	56
246	49	62
247	37	49
248	37	68
249	24	51
250	26	44
251	31	66
252	33	60
253	30	51
254	19	55
255	20	59
256	33	34
257	38	36
258	26	43
259	23	38
260	17	32
261	29	26
262	16	35
263	32	26
264	19	31
265	27	19
266	27	22
267	18	22
268	19	23
269	23	21
270	14	25
271	17	14
272	27	28
273	14	26
274	15	23
275	16	20
276	16	33
277	10	25
278	6	22
279	19	12
280	16	9
281	11	13
282	13	15
283	6	14
284	12	8
285	4	10
286	1	16
287	14	19
288	12	9
289	9	11
290	12	5
291	8	11
292	12	13
293	7	16
294	10	11
295	11	16
296	4	9
297	3	6
298	9	8
299	6	12
300	7	6
301	4	7
302	4	8
303	3	8
304	8	6
305	10	8
306	7	8
307	5	7
308	6	4
309	7	9
310	4	4
311	1	4
312	2	1
313	3	4
314	1	2
315	2	3
316	0	0
317	5	5
318	3	8
319	2	2
320	3	5
321	6	5
322	1	5
323	2	4
324	1	0
325	4	6
326	1	1
327	2	2
328	4	3
329	6	2
330	2	2
331	1	2
332	0	1
333	0	1
334	2	6
335	1	7
336	1	4
337	0	4
338	5	3
339	3	1
340	0	2
341	3	1
342	4	1
343	3	3
344	1	1
345	2	0
346	2	0
347	0	2
348	0	2
349	1	0
350	4	2
351	0	3
352	0	1
353	0	0
354	0	0
355	1	2
356	1	0
357	3	1
358	0	1
359	2	5
360	0	1
361	1	1
362	0	0
363	3	0
364	0	2
365	2	0
366	2	0
367	1	0
368	1	3
369	0	3
370	0	0
371	0	2
372	3	0
373	3	1
374	0	1
375	0	2
376	0	0
377	1	0
378	0	0
379	1	0
380	3	3
381	1	0
382	0	0
383	4	0
384	0	0
385	0	1
386	0	1
387	1	3
388	2	0
389	1	2
390	0	0
391	0	1
392	1	0
393	0	0
394	0	0
395	0	2
396	0	1
397	0	1
398	0	1
399	0	0
400	1	0
401	0	0
402	2	0
403	0	3
404	1	0
405	0	0
406	0	0
407	3	0
408	0	0
409	1	1
410	0	3
411	2	1
412	0	0
413	0	2
414	3	0
415	1	0
416	0	0
417	0	1
418	0	0
419	0	0
420	0	0
421	1	0
422	3	1
423	1	0
424	0	0
425	0	0
426	0	0
427	1	0
428	0	0
429	0	0
430	0	1
431	5	0
432	1	0
433	2	0
434	3	0
435	0	0
436	1	0
437	3	3
438	0	0
439	1	0
440	0	0
441	0	2
442	0	0
443	1	0
444	0	2
445	0	0
446	0	0
447	3	0
448	0	0
449	1	0
450	1	0
451	0	1
452	1	1
453	1	1
454	0	0
455	0	0
456	2	0
457	2	1
458	3	0
459	0	0
460	1	0
461	0	5
462	2	1
463	0	2
464	0	1
465	3	0
466	0	0
467	1	3
468	3	0
469	1	1
470	0	0
471	1	0
472	1	0
473	2	0
474	0	0
475	0	0
476	0	0
477	1	3
478	2	0
479	0	1
480	1	1
481	1	0
482	5	1
483	0	1
484	1	0
485	3	0
486	0	0
487	0	0
488	1	2
489	0	0
490	1	1
491	0	0
492	1	2
493	2	0
494	1	0
495	1	2
496	3	0
497	2	0
498	0	3
499	1	1
500	1	0
501	0	1
502	0	0
503	1	2
504	0	0
505	0	0
506	1	0
507	0	1
508	0	2
509	1	0
510	0	1
511	0	0
512	0	5
513	2	0
514	0	1
515	1	3
516	0	0
517	0	0
518	0	1
519	0	0
520	1	1
521	1	0
522	0	1
523	1	2
524	1	1
525	0	1
526	1	3
527	1	2
528	1	0
529	0	1
530	0	0
531	0	0
532	1	0
533	5	0
534	2	0
535	0	0
536	0	0
537	1	0
538	0	0
539	0	1
540	0	0
541	4	0
542	0	0
543	0	2
544	1	0
545	2	1
546	0	0
547	0	0
548	0	0
549	0	0
550	0	1
551	2	1
552	0	0
553	2	1
554	0	0
555	0	0
556	0	0
557	0	1
558	2	0
559	1	0
560	0	0
561	3	0
562	0	0
563	3	5
564	0	2
565	0	0
566	0	0
567	0	1
568	2	0
569	1	0
570	0	0
571	0	2
572	0	0
573	1	0
574	5	1
575	3	0
576	5	0
577	6	0
578	1	0
579	5	0
580	0	0
581	2	2
582	2	0
583	4	2
584	0	0
585	0	0
586	5	0
587	2	0
588	0	2
589	2	1
590	0	0
591	2	3
592	2	0
593	1	3
594	1	0
595	10	0
596	5	0
597	3	0
598	3	2
599	1	1
600	1	0
601	3	0
602	2	0
603	0	1
604	1	5
605	2	3
606	1	5
607	5	6
608	2	1
609	0	4
610	3	0
611	1	0
612	1	2
613	0	2
614	0	0
615	3	0
616	1	5
617	0	2
618	6	0
619	1	2
620	4	0
621	2	2
622	5	0
623	1	1
624	2	0
625	3	10
626	1	3
627	0	2
628	4	2
629	0	0
630	0	0
631	3	3
632	1	1
633	2	0
634	2	0
635	5	2
636	4	0
637	1	2
638	2	1
639	2	0
640	0	1
641	0	1
642	3	0
643	3	0
644	0	0
645	0	2
646	2	0
647	3	0
648	3	2
649	2	1
650	8	3
651	0	2
652	2	2
653	1	1
654	4	1
655	6	1
656	1	1
657	3	0
658	3	2
659	0	0
660	2	0
661	2	2
662	0	0
663	6	1
664	2	2
665	1	5
666	0	2
667	5	0
668	3	1
669	2	1
670	3	0
671	6	0
672	5	3
673	3	3
674	3	0
675	4	0
676	3	1
677	2	3
678	2	3
679	7	2
680	2	5
681	3	0
682	9	1
683	3	1
684	4	3
685	8	6
686	2	1
687	6	2
688	5	2
689	3	0
690	3	0
691	2	2
692	3	0
693	7	6
694	6	2
695	1	1
696	2	0
697	2	5
698	6	2
699	5	2
700	3	3
701	3	5
702	2	5
703	4	3
704	4	3
705	2	3
706	3	2
707	1	2
708	3	2
709	5	6
710	4	1
711	9	3
712	3	8
713	4	1
714	3	3
715	5	5
716	5	2
717	8	6
718	6	2
719	8	1
720	5	3
721	7	2
722	7	2
723	6	5
724	5	5
725	11	1
726	6	2
727	13	2
728	8	6
729	11	4
730	7	2
731	2	1
732	4	2
733	9	3
734	9	3
735	8	2
736	8	3
737	4	0
738	7	1
739	8	5
740	10	4
741	8	6
742	8	3
743	16	4
744	14	3
745	13	5
746	13	4
747	13	6
748	19	5
749	10	4
750	13	5
751	11	7
752	17	5
753	15	2
754	18	5
755	12	11
756	15	5
757	12	11
758	13	6
759	17	7
760	8	7
761	20	2
762	10	4
763	7	8
764	8	6
765	14	7
766	16	8
767	24	4
768	16	7
769	20	6
770	16	8
771	26	6
772	9	5
773	13	12
774	15	14
775	15	10
776	18	9
777	26	10
778	23	17
779	14	9
780	26	11
781	21	8
782	29	14
783	25	8
784	14	14
785	25	11
786	23	10
787	30	8
788	14	8
789	27	11
790	19	5
791	15	18
792	21	8
793	30	6
794	25	5
795	29	13
796	38	15
797	38	19
798	31	16
799	35	16
800	45	15
801	44	21
802	39	6
803	28	10
804	38	11
805	40	12
806	41	14
807	38	22
808	43	22
809	36	12
810	62	23
811	53	14
812	49	23
813	64	23
814	43	13
815	77	22
816	54	18
817	65	22
818	63	10
819	55	25
820	72	18
821	79	13
822	80	17
823	60	26
824	87	21
825	82	26
826	84	31
827	74	31
828	91	22
829	82	28
830	75	41
831	78	38
832	121	32
833	85	25
834	79	31
835	89	33
836	80	36
837	91	32
838	86	42
839	98	31
840	90	52
841	111	47
842	106	41
843	90	48
844	101	40
845	112	64
846	116	43
847	112	50
848	105	51
849	129	44
850	116	60
851	125	74
852	130	64
853	120	52
854	126	73
855	119	72
856	126	65
857	135	59
858	149	75
859	164	71
860	167	65
861	133	71
862	151	99
863	159	69
864	132	57
865	135	79
866	145	64
867	141	70
868	170	62
869	168	81
870	165	80
871	154	94
872	175	86
873	156	78
874	175	82
875	170	94
876	196	99
877	148	92
878	185	84
879	180	91
880	193	96
881	237	101
882	204	105
883	219	99
884	231	103
885	207	94
886	222	101
887	240	107
888	239	128
889	250	134
890	239	131
891	256	98
892	264	120
893	266	120
894	274	112
895	277	111
896	336	108
897	287	112
898	281	143
899	287	139
900	335	132
901	317	124
902	341	152
903	378	119
904	375	151
905	369	119
906	347	165
907	345	120
908	430	148
909	396	156
910	403	166
911	414	209
912	431	155
913	395	168
914	444	184
915	444	169
916	447	175
917	458	183
918	447	185
919	442	205
920	502	189
921	412	201
922	414	201
923	428	207
924	456	217
925	464	203
926	454	266
927	389	228
928	372	217
929	419	226
930	401	266
931	374	253
932	398	253
933	367	280
934	395	301
935	389	288
936	444	278
937	405	264
938	444	343
939	412	289
940	438	309
941	438	310
942	434	331
943	445	297
944	492	331
945	443	313
946	479	319
947	464	333
948	477	309
949	446	322
950	497	346
951	457	288
952	464	311
953	467	306
954	436	308
955	432	330
956	464	310
957	458	279
958	466	270
959	502	281
960	427	269
961	419	246
962	472	247
963	444	225
964	484	247
965	468	239
966	514	282
967	445	264
968	467	286
969	479	257
970	453	277
971	482	295
972	453	260
973	472	289
974	460	276
975	419	287
976	411	296
977	382	266
978	411	268
979	390	244
980	381	283
981	353	256
982	329	275
983	358	259
984	290	243
985	317	231
986	310	249
987	252	251
988	278	235
989	239	239
990	290	223
991	219	230
992	248	205
993	237	224
994	262	238
995	247	230
996	228	253
997	221	211
998	216	224
999	224	196
1000	217	215
1001	233	219
1002	244	196
1003	201	191
1004	228	208
1005	196	186
1006	178	187
1007	186	173
1008	195	158
1009	203	156
1010	175	157
1011	175	146
1012	136	124
1013	150	129
1014	147	104
1015	149	133
1016	143	122
1017	123	100
1018	139	110
1019	131	94
1020	101	104
1021	104	69
1022	104	98
1023	99	80
1024	91	108
1025	107	99
1026	102	102
1027	112	85
1028	105	82
1029	86	97
1030	76	67
1031	101	81
1032	83	98
1033	66	93
1034	78	88
1035	78	81
1036	101	69
1037	93	86
1038	86	79
1039	68	97
1040	71	83
1041	70	83
1042	61	67
1043	63	78
1044	99	66
1045	64	73
1046	74	80
1047	60	59
1048	68	83
1049	69	84
1050	53	51
1051	82	57
1052	57	58
1053	42	60
1054	59	61
1055	62	59
1056	54	61
1057	55	78
1058	57	69
1059	66	58
1060	60	47
1061	61	67
1062	63	67
1063	50	50
1064	61	56
1065	64	60
1066	75	75
1067	47	64
1068	51	66
1069	54	49
1070	47	54
1071	59	50
1072	63	44
1073	44	51
1074	46	78
1075	53	55
1076	47	59
1077	31	51
1078	47	57
1079	56	62
1080	35	39
1081	41	65
1082	41	40
1083	38	38
1084	47	44
1085	41	53
1086	40	39
1087	39	46
1088	56	46
1089	55	51
1090	52	52
1091	43	50
1092	51	47
1093	47	43
1094	41	57
1095	55	52
1096	31	67
1097	54	38
1098	43	41
1099	37	47
1100	43	38
1101	44	50
1102	40	56
1103	55	36
1104	39	41
1105	29	47
1106	54	40
1107	37	27
1108	33	40
1109	41	51
1110	35	30
1111	40	36
1112	34	33
1113	32	35
1114	37	43
1115	31	37
1116	39	35
1117	37	39
1118	34	49
1119	27	50
1120	31	49
1121	40	32
1122	32	47
1123	43	42
1124	32	39
1125	39	49
1126	29	30
1127	25	50
1128	41	34
1129	40	32
1130	47	41
1131	27	40
1132	29	35
1133	27	44
1134	29	33
1135	39	26
1136	28	48
1137	28	34
1138	36	31
1139	33	37
1140	30	28
1141	30	40
1142	38	28
1143	33	27
1144	26	31
1145	31	30
1146	37	32
1147	36	29
1148	29	33
1149	30	25
1150	24	28
1151	28	39
1152	33	30
1153	34	39
1154	28	25
1155	34	35
1156	34	29
1157	32	22
1158	34	38
1159	26	38
1160	43	45
1161	32	27
1162	29	27
1163	20	25
1164	37	24
1165	25	37
1166	33	26
1167	29	22
1168	36	32
1169	25	31
1170	31	24
1171	29	27
1172	31	31
1173	31	32
1174	24	26
1175	38	29
1176	27	32
1177	21	32
1178	20	28
1179	38	26
1180	26	23
1181	42	24
1182	31	30
1183	33	31
1184	33	25
1185	36	32
1186	36	29
1187	31	30
1188	29	29
1189	31	26
1190	29	39
1191	38	27
1192	29	28
1193	24	16
1194	31	30
1195	37	21
1196	31	28
1197	31	24
1198	34	33
1199	30	19
1200	31	21
1201	29	27
1202	29	28
1203	30	30
1204	33	20
1205	23	30
1206	24	22
1207	26	21
1208	30	18
1209	22	28
1210	31	24
1211	30	37
1212	20	29
1213	32	29
1214	18	29
1215	29	31
1216	25	31
1217	28	27
1218	26	24
1219	25	27
1220	30	25
1221	31	32
1222	14	25
1223	22	19
1224	28	25
1225	25	28
1226	27	24
1227	32	29
1228	42	30
1229	20	28
1230	24	24
1231	29	26
1232	29	24
1233	28	27
1234	26	30
1235	35	21
1236	30	21
1237	38	25
1238	22	26
1239	37	20
1240	33	26
1241	21	24
1242	24	18
1243	28	27
1244	25	18
1245	45	26
1246	42	18
1247	30	20
1248	27	24
1249	37	17
1250	30	22
1251	34	25
1252	37	11
1253	34	18
1254	35	22
1255	25	23
1256	39	23
1257	33	29
1258	29	41
1259	31	16
1260	33	18
1261	27	26
1262	34	25
1263	44	24
1264	35	25
1265	34	33
1266	23	27
1267	38	30
1268	28	21
1269	34	33
1270	35	28
1271	31	12
1272	26	20
1273	45	21
1274	29	23
1275	33	40
1276	40	38
1277	41	26
1278	37	23
1279	48	32
1280	44	27
1281	24	24
1282	41	31
1283	28	29
1284	45	30
1285	32	25
1286	40	37
1287	23	27
1288	44	23
1289	35	26
1290	33	28
1291	42	23
1292	41	28
1293	16	34
1294	31	34
1295	23	28
1296	47	20
1297	43	33
1298	31	25
1299	34	30
1300	35	32
1301	35	28
1302	32	25
1303	35	35
1304	36	27
1305	33	31
1306	40	35
1307	46	34
1308	44	33
1309	24	39
1310	41	41
1311	46	20
1312	36	36
1313	44	24
1314	41	41
1315	50	26
1316	36	37
1317	37	18
1318	37	40
1319	36	33
1320	39	30
1321	33	35
1322	30	34
1323	39	13
1324	45	29
1325	36	19
1326	30	36
1327	40	34
1328	31	29
1329	45	31
1330	41	30
1331	46	33
1332	38	28
1333	41	29
1334	42	26
1335	35	29
1336	36	37
1337	31	39
1338	40	38
1339	39	24
1340	40	35
1341	36	40
1342	42	31
1343	27	41
1344	46	33
1345	47	46
1346	45	33
1347	50	32
1348	46	35
1349	40	36
1350	35	34
1351	37	28
1352	34	25
1353	40	37
1354	29	36
1355	38	33
1356	32	28
1357	37	34
1358	32	26
1359	41	33
1360	41	36
1361	47	34
1362	44	31
1363	36	37
1364	43	35
1365	51	34
1366	50	27
1367	45	24
1368	57	36
1369	59	30
1370	50	36
1371	46	31
1372	60	37
1373	40	22
1374	53	37
1375	54	39
1376	47	35
1377	70	43
1378	52	37
1379	45	32
1380	49	31
1381	60	32
1382	48	31
1383	61	35
1384	58	23
1385	34	32
1386	65	22
1387	64	32
1388	59	28
1389	63	38
1390	54	36
1391	49	43
1392	64	38
1393	65	31
1394	56	33
1395	49	43
1396	62	40
1397	59	39
1398	56	46
1399	45	48
1400	65	45
1401	74	36
1402	69	45
1403	66	32
1404	56	46
1405	58	43
1406	67	41
1407	67	52
1408	40	40
1409	64	34
1410	55	40
1411	35	48
1412	43	45
1413	60	54
1414	48	42
1415	43	27
1416	37	56
1417	54	45
1418	47	45
1419	57	49
1420	56	38
1421	52	35
1422	36	51
1423	60	52
1424	27	46
1425	55	40
1426	39	56
1427	44	48
1428	45	48
1429	33	37
1430	54	50
1431	54	59
1432	57	54
1433	39	46
1434	44	42
1435	52	42
1436	38	59
1437	50	61
1438	44	34
1439	48	56
1440	52	45
